3 0 0.492562721875 0.0782581109375 0.419481425 0.0046281562499999995 0.43563189218750004 0 0.45976201406249995 0 0.492562721875
3 0.27008705625 0.44856546249999996 0.21959455625 0.4424851046875 0.20779377656250003 0.47004405625 0.2202924765625 0.47789358125000003 0.2806473484375 0.47865586093749996 0.2900344640625 0.46478547968750006 0.27008705625 0.44856546249999996
3 0.5341858078125 0.6997885968750001 0.5204914921875 0.6818483390625001 0.46904100312499997 0.669953396875 0.4421051875 0.6764952156249999 0.40000442031250005 0.7071799609375 0.41441161718749997 0.737948671875 0.48149483281250005 0.7455430015625 0.5267146687500001 0.72528815 0.5341858078125 0.6997885968750001
3 0.790811159375 0.6266655859375 0.7266117296875 0.5984217171874999 0.6201994140625 0.5888895078124999 0.6287249671875 0.6416533249999999 0.6551556125 0.6717192609375 0.716314015625 0.7119953406249999 0.7545762765624999 0.721819059375 0.8072847624999999 0.6864957578124999 0.790811159375 0.6266655859375
3 0.66827915 0.462320809375 0.5795402640625 0.476313496875 0.60886730625 0.48995314843750004 0.6894221671875 0.4886315609375 0.703138925 0.4727017796875 0.66827915 0.462320809375
3 0.8360648671875 0.5455397890625 0.7781161812499999 0.54237895625 0.786032659375 0.57059175625 0.8199269687499999 0.586448153125 0.8519127843750001 0.5793853703125 0.8550468062500001 0.5672352328125 0.8360648671875 0.5455397890625
3 0.8913846968750001 0.5242430046875 0.8733457859374999 0.5309421734375 0.88077953125 0.5618926906249999 0.9223676484375 0.5791057125 0.942084909375 0.5797595656250001 0.951969715625 0.5405714421875001 0.8913846968750001 0.5242430046875
3 0.7570180328125 0.448328125 0.77191544375 0.46506910156250003 0.7846592515624999 0.4659047625 0.7877932750000001 0.4537546296875 0.7570180328125 0.448328125
3 0.7262128734375 0.48806167343749995 0.743999203125 0.49966638124999996 0.77549480625 0.506631321875 0.7843991890625001 0.49549865625 0.7262128734375 0.48806167343749995
3 0.6187130203125 0.8727716796875 0.602619996875 0.8459399640624999 0.5699287796875 0.828884290625 0.5314522484374999 0.8333911687500001 0.514356365625 0.86848495 0.5458220515625001 0.9206099468750001 0.571302190625 0.9335712812500001 0.5859470140624999 0.9686161421874999 0.6107142734375001 0.9687490265625 0.622507571875 0.9524800890625 0.6187130203125 0.8727716796875
3 0.17792995 0.90372880625 0.1461817609375 0.9150677421875001 0.1252464515625 0.9381931953124999 0.22959562656250002 0.9537699375 0.2087051921875 0.9091553125 0.17792995 0.90372880625