3 0.7463712203124999 1 0.7903461468749999 0.98854008125 0.8314236968750001 0.9853502484375 0.85702310625 0.8820466765624999 0.768296190625 0.756236590625 0.56328214375 0.7355152953124999 0.4864944875 0.7528331078125 0.44952819843749997 0.78704165 0.458969153125 0.8538832640624999 0.48369152499999996 0.91341470625 0.549316759375 0.9736601109375 0.6215458703125 0.978756684375 0.71297695 1 0.7463712203124999 1
3 0.456875925 0.6265393796875001 0.45498313437500004 0.5613449046875 0.413279315625 0.5197016359375 0.28448460625 0.5189689000000001 0.2129660171875 0.535905125 0.19503262187499998 0.6083304484375 0.23913164999999997 0.686384696875 0.262788634375 0.7201360421875 0.32842659531249996 0.705044675 0.38632474375000003 0.689451196875 0.43800935625 0.6656100046875 0.456875925 0.6265393796875001
3 0 0.990278578125 0.35270826093749996 0.99262161875 0.311012203125 0.9752897234375 0.2853527546875 0.9904692171875 0.26064772812500003 0.9509695375 0.22772235625 0.93476744375 0.09883573906250001 0.93251771875 0.097121515625 0.9188138390624999 0.07557224375 0.9223445390625 0.062175140625 0.9064833125 0.0483690046875 0.914056015625 0.05052635 0.9023731359375 0.00564540625 0.899636315625 0 0.9042465640625 0 0.990278578125
3 0.9301019953124999 0.703826421875 0.9915698734375 0.7635020234375001 0.9968389984374999 0.685457096875 0.9391112843749999 0.6912864328125 0.9301019953124999 0.703826421875
3 0.8494101671875001 0.45002983125 0.840823059375 0.42108768124999996 0.816289403125 0.3975439421875 0.8024135109375001 0.36434809218750003 0.7252318828125001 0.3584547328125 0.694589709375 0.37761984375 0.5249714703125 0.37162838125 0.489890303125 0.3846544765625 0.47128816875 0.40857589375 0.47947862968750005 0.46024185624999997 0.54353605625 0.523490659375 0.5889836796875 0.5242839515625 0.675423009375 0.522057571875 0.8179218125000001 0.51767240625 0.8287906890625001 0.5027082984375 0.8494101671875001 0.45002983125
3 0.84516559375 0.25403338125 0.824229875 0.2224131875 0.7210027140624999 0.20498397031249999 0.7022974609375 0.2134478703125 0.7204573265625001 0.2362292109375 0.8360199578125 0.27438468125000004 0.862400171875 0.273868440625 0.86746971875 0.263213103125 0.84516559375 0.25403338125
3 0.6498047796875001 0.143185109375 0.5549733453125001 0.148366796875 0.61397215 0.1816280984375 0.7241535171875 0.192341725 0.7419334859375 0.180931540625 0.719833878125 0.1600348515625 0.6498047796875001 0.143185109375
3 0.17330548750000002 0.41518391250000003 0.1296225171875 0.39977075625 0.07658939687500001 0.41642586406250004 0.0672733265625 0.4465413 0.0980754390625 0.4724734421875 0.1422015375 0.46249984375000003 0.17495153593749999 0.43279344999999997 0.17330548750000002 0.41518391250000003
3 0.08322743906249999 0.7076016843749999 0.026288656249999997 0.7241886156249999 0.016563546874999998 0.7777379859375 0.0416776125 0.7938037328124999 0.1035495890625 0.774372775 0.12094966250000001 0.7287710671875 0.08322743906249999 0.7076016843749999
3 0 0.54260869375 0.0405571875 0.52225844375 0.0303790640625 0.48984931249999997 0.00016136875000000002 0.4863917265625 0 0.495636546875 0 0.54260869375
3 0.3134114234375 0.337627940625 0.23142060468749998 0.3468044609375 0.26677386875 0.40500608437499996 0.308900771875 0.42241061718750006 0.38344920781249997 0.40552727656250004 0.3810892 0.3738820765625 0.3134114234375 0.337627940625
3 0.43566116718750003 0.32502235625 0.372074971875 0.3307494375 0.3822871796875 0.3612057390625 0.4182951859375 0.3686712390625 0.464203675 0.36849586562500003 0.49291166875 0.346532603125 0.43566116718750003 0.32502235625
3 0.5927054515625 0.280881434375 0.54021771875 0.2662913015625 0.45442965468749996 0.256980175 0.4336011390625 0.2751741234375 0.4944505140625 0.3143279953125 0.5442305765625 0.31617361875 0.5842805796875 0.3158959859375 0.6070278375 0.2996889484375 0.5927054515625 0.280881434375
3 0.6037308015625 0.20879725 0.5597751375 0.2090067140625 0.5644015578125 0.2237381359375 0.6003413890625 0.235109290625 0.6364516515624999 0.23671631093749998 0.6415212 0.2260609765625 0.6037308015625 0.20879725
3 0.3446182984375 0.1691128203125 0.298539375 0.17905233125 0.31868615624999996 0.1999149328125 0.3566129 0.20936735 0.4182121828125 0.2055590109375 0.4488389203125 0.18558266406249999 0.3446182984375 0.1691128203125
3 0.3004339140625 0.29433733281249996 0.3436688125 0.2794646203125 0.28816661718750003 0.2697054234375 0.3004339140625 0.29433733281249996
3 0.2690666453125 0.0769599125 0.337892825 0.0508133625 0.2862962859375 0.041122340624999996 0.1874569296875 0.052094339062499995 0.1920151765625 0.0707314171875 0.22702972500000002 0.0791562890625 0.241215759375 0.1057751140625 0.293187253125 0.09398503124999999 0.2953445984375 0.082302153125 0.2690666453125 0.0769599125
3 0.41234381718749996 0.094111496875 0.37023872343750003 0.10021352812499999 0.3710276609375 0.110971121875 0.4264275921875 0.12658879843749998 0.45671346562500004 0.12614073125 0.47356814687500004 0.111784259375 0.41234381718749996 0.094111496875
3 0.2703377359375 0.11605055 0.2807203796875 0.1367427171875 0.30507959375000004 0.140098040625 0.3530090828125 0.136051096875 0.358180890625 0.1195372828125 0.2703377359375 0.11605055