3 1 0.6680451390625 0.9809354421875 0.658717603125 0.908608096875 0.646608496875 0.825249728125 0.6568436171875 0.7525019390625001 0.689389434375 0.7387217515625 0.7133830796875 0.7292088531250001 0.780144203125 0.7583601421874999 0.817232590625 0.8180352671875 0.8545087046875001 0.897975375 0.85650005 0.9472501421875 0.8491380078124999 0.979922765625 0.8267602484375001 1 0.8304516203125001 1 0.6680451390625
3 0.7075166046875 0.5073167078124999 0.6941568593749999 0.4866554296875 0.6528465796875 0.47073790468750004 0.62126349375 0.4378836921875 0.5741375140625 0.422680246875 0.547280590625 0.4443439265625 0.47844429374999997 0.46066713125 0.4417186734375 0.4901018453125 0.4393596640625 0.5349947937499999 0.450429115625 0.569055903125 0.512711903125 0.5955169453125 0.582007071875 0.5909441531249999 0.6370975390625 0.5828680312500001 0.6810841953125 0.5564773609375 0.7075166046875 0.5073167078124999
3 0.2684687859375 0.9141158140625001 0.3029041140625 0.89808093125 0.28746429687499997 0.8684920203125 0.323765403125 0.8115603359374999 0.31435150625 0.758929884375 0.272054765625 0.7510046531250001 0.2193617390625 0.7705931609375 0.1900730171875 0.7964910140625 0.1793593625 0.821419996875 0.18739663906249998 0.8387992078125001 0.18154658125 0.8552598453125 0.19187415000000002 0.8592392265625 0.18119485468750002 0.8684216499999999 0.195258053125 0.862759321875 0.20103939375 0.8777918031249999 0.2244437 0.8841011468750001 0.198114365625 0.8860221218750001 0.171081578125 0.9142667031249999 0.23146015625 0.9252192109375 0.24407801875000001 0.9157987625 0.2449229765625 0.8986408109375 0.2684687859375 0.9141158140625001
3 0.21244835625 0.6822354171875 0.21427977656250002 0.657085175 0.18442503593749998 0.646320396875 0.1269027703125 0.658630690625 0.1014568234375 0.69979905 0.10589997656250001 0.7359856296875 0.12461655 0.744182415625 0.1710006453125 0.7293041328125 0.1726905609375 0.69498823125 0.21244835625 0.6822354171875
3 0.2063071453125 0.5360609484375 0.10546731718749999 0.5641848625 0.0835811359375 0.602292415625 0.10293244531250001 0.6156587140625 0.17289670937499999 0.6005088734374999 0.2271037890625 0.5531853671875 0.2063071453125 0.5360609484375
3 0.3594114109375 0.38869965624999997 0.313837915625 0.4021665484375 0.2945250359375 0.4452055875 0.312255146875 0.46139466718750005 0.3996665109375 0.44410259218750003 0.40347085624999995 0.4029677625 0.3594114109375 0.38869965624999997
3 0.358065078125 0.2655499609375 0.3154166109375 0.270786534375 0.237663721875 0.3026350390625 0.246828965625 0.32118761406249996 0.28799773906250004 0.32793947968750004 0.347951803125 0.31139501406250003 0.37692315625 0.28291240625 0.358065078125 0.2655499609375
3 0.2504149453125 0.15807645312500002 0.141996715625 0.180571571875 0.14277295625 0.1949067390625 0.197018465625 0.20398856875 0.2014959765625 0.22442858906250002 0.23684905 0.2318945328125 0.27579624687500004 0.220553109375 0.291515003125 0.1963214390625 0.2504149453125 0.15807645312500002
3 0.43806983125 0.163896290625 0.339837665625 0.1812051296875 0.300187015625 0.21887016093749997 0.304523021875 0.230144521875 0.35957913124999996 0.2378149609375 0.459290990625 0.2085176828125 0.47469237656249996 0.18170125625 0.43806983125 0.163896290625
3 0.6540613343749999 0.1360640046875 0.5880429203124999 0.119244675 0.5163159515625 0.1280516390625 0.49058699531250005 0.150888684375 0.501656446875 0.18494979375 0.554139253125 0.18768874687499998 0.6153627890625 0.1814833046875 0.64933924375 0.153698009375 0.6540613343749999 0.1360640046875
3 0.67502976875 0.0744556265625 0.6464101421875 0.08977643125 0.6773928515625001 0.10171457343750001 0.717292153125 0.0981274171875 0.7433384765625 0.077875128125 0.67502976875 0.0744556265625
3 0.5115897890625 0.0735337453125 0.4561475953125 0.0947716703125 0.4666166703125 0.1079167078125 0.4910074375 0.1062337609375 0.5632276375 0.09343065 0.5647073312499999 0.08144221093750001 0.5115897890625 0.0735337453125
3 0.6219465859375 0.050800603124999996 0.6814074171875 0.038252282812499996 0.636361509375 0.03197646875 0.6219465859375 0.050800603124999996
3 0.5289640999999999 0.030732734374999997 0.5352386734375 0.04176906875 0.5641413109375 0.0447795796875 0.5878973421875 0.0379271203125 0.5964965671875 0.019817065624999998 0.5289640999999999 0.030732734374999997
3 0.60202745625 0 0.592971159375 0.0071313140625 0.5964965671875 0.019817065624999998 0.6591997953125001 0.0016231828125 0.6187727234375 0 0.60202745625 0
3 0.43119080781249997 0.0597919875 0.37303380625 0.06693276875000001 0.3413476453125 0.08131823437499999 0.35213408749999997 0.09704802812499999 0.43824162187500004 0.0851634921875 0.4529739140625 0.0689241140625 0.43119080781249997 0.0597919875
3 0.3229140828125 0.09145276249999999 0.29383558125000003 0.09502315312500001 0.2464650234375 0.1178937296875 0.2530569640625 0.1315148203125 0.286154103125 0.136634034375 0.3251013 0.1252926109375 0.343075990625 0.1034076703125 0.3229140828125 0.09145276249999999