3 0.509090909375 0.9136363640624999 0.5348484828125 0.854545453125 0.5454545468750001 0.7878787859374999 0.509090909375 0.753030303125 0.4326171859375 0.734375 0.2272727265625 0.75151515 0.1363636359375 0.8757575765625001 0.16015625 0.9794921859375 0.2011718734375 0.9833984359375 0.26060605937500003 1 0.3701171859375 0.9765625 0.44242424375 0.9727272734374999 0.509090909375 0.9136363640624999
3 0.7863636359374999 0.540909090625 0.7151515171875 0.5227272734375 0.5863636359375 0.5212121203125 0.54393939375 0.5621212140625 0.540909090625 0.6272727265625 0.559090909375 0.6666666671875 0.6103515640625 0.69140625 0.66796875 0.7080078140625 0.7333333328125 0.7242424234375 0.75757575625 0.690909090625 0.803030303125 0.6136363640625 0.7863636359374999 0.540909090625
3 1 0.9189453140625 0.9873046859375 0.9082031265625 0.9423828140625 0.91015625 0.9443359359375 0.921875 0.9306640640625 0.9140625 0.9169921859375 0.9296875 0.8955078140625 0.92578125 0.8935546859375 0.9394531265625 0.7646484359375 0.9394531265625 0.7314453140625 0.9550781265625 0.7060546859375 0.9941406265625 0.6806640640625 0.9785156265625 0.6386718734375 0.9951171859375 1 0.9990234359375 1 0.9189453140625
3 0.00390625 0.7548828140625 0.06640625 0.6962890640625 0.0576171859375 0.68359375 0 0.6767578140625 0.00390625 0.7548828140625
3 0.5303030296875 0.409090909375 0.5121212140625 0.3848484828125 0.47727272656249997 0.3712121203125 0.30757575625 0.3742424234375 0.2772727265625 0.35454545312499997 0.2 0.359090909375 0.1855468734375 0.3920395359375 0.160606059375 0.41515151718750004 0.15151515 0.44393939375 0.1712121203125 0.49696969687500003 0.1818181828125 0.5121212140625 0.32421875 0.518992659375 0.41060605937499994 0.5227272734375 0.45606060625 0.5227272734375 0.5212121203125 0.460606059375 0.5303030296875 0.409090909375
3 0.1806640640625 0.2167968734375 0.1591796859375 0.2480468734375 0.13671875 0.2568359359375 0.1416015640625 0.2675781265625 0.16796875 0.2685546859375 0.2841796859375 0.2324218734375 0.3027343734375 0.2099609359375 0.2841796859375 0.2011718734375 0.1806640640625 0.2167968734375
3 0.2861328140625 0.15625 0.2636718734375 0.1767578140625 0.28125 0.1884765640625 0.3916015640625 0.1796875 0.4511718734375 0.1474609359375 0.3564453140625 0.140625 0.2861328140625 0.15625
3 0.828125 0.4208984359375 0.8261718734375 0.4384765640625 0.8583984359375 0.46875 0.90234375 0.4794921859375 0.93359375 0.4541015640625 0.9248046859375 0.4238281265625 0.8720703140625 0.40625 0.828125 0.4208984359375
3 0.875 0.7353515640625 0.8916015640625 0.78125 0.953125 0.8017578140625 0.9785156265625 0.7861328140625 0.9697265640625 0.7324218734375 0.9130859359375 0.71484375 0.875 0.7353515640625
3 1 0.4951171859375 0.9697265640625 0.4980468734375 0.9589843734375 0.5302734359375 1 0.5517578140625 1 0.4951171859375
3 0.62109375 0.3759765640625 0.6181818171875 0.40757575625 0.69242424375 0.4257575765625 0.7348484828124999 0.409090909375 0.7712121203125 0.35151515 0.689393940625 0.34090909062499997 0.62109375 0.3759765640625
3 0.5097656265625 0.3466796859375 0.5380859359375 0.3691406265625 0.5839843734375 0.3701171859375 0.6201171859375 0.36328125 0.6308593734375 0.3330078140625 0.5673828140625 0.3261718734375 0.5097656265625 0.3466796859375
3 0.4638671859375 0.265625 0.4111328140625 0.2792968734375 0.3964843734375 0.2978515640625 0.4189453140625 0.3144531265625 0.4589843734375 0.3154296859375 0.5087890640625 0.3144531265625 0.5703125 0.2763671859375 0.5498046859375 0.2578125 0.4638671859375 0.265625
3 0.36328125 0.2236328140625 0.3681640640625 0.234375 0.4042968734375 0.2333984359375 0.4404296859375 0.22265625 0.4453125 0.2080078140625 0.4013671859375 0.20703125 0.36328125 0.2236328140625
3 0.5566406265625 0.1865234359375 0.5869140640625 0.20703125 0.6484375 0.2119140640625 0.6865234359375 0.203125 0.70703125 0.1826171859375 0.6611328140625 0.171875 0.5566406265625 0.1865234359375
3 0.7158203140625 0.2734375 0.66015625 0.2822265640625 0.703125 0.2978515640625 0.7158203140625 0.2734375
3 0.7216796859375 0.044921873437499996 0.6699218734375 0.0537109359375 0.73828125 0.08105468593750001 0.7119140640625 0.0859375 0.7138671859375 0.09765625 0.765625 0.11035156406249999 0.7802734359375 0.08398437343750001 0.8154296859375 0.07617187343750001 0.8203125 0.0576171859375 0.7216796859375 0.044921873437499996
3 0.5332031265625 0.11230468593750001 0.5498046859375 0.1269531265625 0.5800781265625 0.1279296859375 0.6357421859375 0.11328125 0.63671875 0.10253906406249999 0.5947265640625 0.09570312656249999 0.5332031265625 0.11230468593750001
3 0.6533203140625 0.1386718734375 0.7011718734375 0.1435546859375 0.7255859359375 0.140625 0.7363281265625 0.12011718593750001 0.6484375 0.12207031406249999 0.6533203140625 0.1386718734375