3 0.4775390625 0.7970703140625 0.474609375 0.8407194 0.48046875 0.8862662765625 0.5029296875 0.9109375 0.5234374984375 0.9090397140625001 0.55859375 0.8786751296875 0.552734375 0.825537109375 0.5205078125 0.793274740625 0.4775390625 0.7970703140625
3 0.5302734375 0.652838540625 0.4990234375 0.6566341140625 0.4599609375 0.6224739593749999 0.4306640625 0.6262695296875 0.41796875 0.6547363265625 0.41796875 0.7230566406250001 0.4326171875 0.74393229375 0.46484375 0.74203450625 0.4814453125 0.7401367203125 0.5380859375 0.69458984375 0.54296875 0.666123046875 0.5302734375 0.652838540625
3 0.3251953125 0.519993490625 0.306640625 0.540869140625 0.306640625 0.55984700625 0.3212890625 0.5845182296875 0.34375 0.5864160171874999 0.3837890625 0.56174479375 0.388671875 0.53327799375 0.3505859375 0.5161979171875 0.3251953125 0.519993490625
3 0.19140625 0.392841796875 0.1923828125 0.41371744687499995 0.22265625 0.427001953125 0.2607421875 0.40612630312500003 0.279296875 0.37765950625 0.2392578125 0.3681705734375 0.19140625 0.392841796875
3 0.1259765625 0.2846679703125 0.08203125 0.31693034062500003 0.0830078125 0.3264192703125 0.1142578125 0.31882812656250004 0.1201171875 0.33021484375 0.150390625 0.32831705625 0.181640625 0.2941569 0.1513671875 0.2770768234375 0.1474609375 0.288463540625 0.1259765625 0.2846679703125
3 0.1875 0.27897460937499996 0.197265625 0.2979524734375 0.2333984375 0.2846679703125 0.24481522031249997 0.246969696875 0.194136909375 0.25 0.1875 0.27897460937499996
3 0.2353515625 0.231529946875 0.2734374984375 0.2410188796875 0.298828125 0.225836590625 0.2978515625 0.1859830734375 0.234375 0.20306315000000003 0.2353515625 0.231529946875
3 0.4609374984375 0.20306315000000003 0.4716796875 0.22014322968750002 0.49609375 0.22204101718749997 0.5419921875 0.21634765625000002 0.55078125 0.1992675765625 0.4833984375 0.1859830734375 0.4609374984375 0.20306315000000003
3 0.3251953125 0.31123697968749997 0.359375 0.30933919374999996 0.3759765625 0.299850259375 0.3789178234375 0.259090909375 0.3149851875 0.2636363640625 0.3251953125 0.31123697968749997
3 0.3779296875 0.4251041671875 0.3321378453125 0.445454546875 0.3359374984375 0.461162109375 0.3466796875 0.4744466140625 0.36328125 0.47254882656249997 0.3935546875 0.4592643234375 0.400390625 0.44597981718749996 0.3984374984375 0.43079752656250003 0.3779296875 0.4251041671875
3 0.3291015625 0.3529882796875 0.35546875 0.35109049375 0.37109375 0.3321126296875 0.3447265625 0.315032553125 0.31810385 0.3287878796875 0.3291015625 0.3529882796875
3 0.5634765625 0.3529882796875 0.556640625 0.370068359375 0.556640625 0.4042285171875 0.591796875 0.41941080625 0.6181640625 0.41371744687499995 0.619140625 0.3662727859375 0.6025390625 0.3529882796875 0.5634765625 0.3529882796875
3 0.43973179375000004 0.4818181828125 0.4482421875 0.5010156265625 0.48046875 0.518095703125 0.5029296875 0.5086067703125 0.505859375 0.4877311203125 0.4970703125 0.4744466140625 0.43973179375000004 0.4818181828125
3 0.55078125 0.5143001296875 0.5634765625 0.538971353125 0.595703125 0.540869140625 0.611328125 0.5218912765625 0.5927734375 0.49722005312500006 0.5595703125 0.49722005312500006 0.55078125 0.5143001296875
3 0.689453125 0.3738639328125 0.6939030109375001 0.41969697031250003 0.734375 0.42320637968749997 0.7609543125 0.4181818171875 0.7333984375 0.37955729374999997 0.715733665625 0.3621212140625 0.689453125 0.3738639328125
3 0.98046875 0.1157649734375 0.9638671875 0.1024804703125 0.8935546875 0.09109375 0.8369140625 0.09109375 0.826171875 0.1081738265625 0.826171875 0.1423339828125 0.8447265625 0.1594140640625 0.9296874984375 0.16890299375 0.9404296875 0.14802734374999998 0.9462890625 0.16320963593749999 0.9775390625 0.155618490625 0.98046875 0.1157649734375
3 0.7275390625 0.231529946875 0.720703125 0.244814453125 0.7294921875 0.2694856765625 0.7578125015625 0.267587890625 0.7724609375 0.26569010312499997 0.77734375 0.24861002656250003 0.7568359375 0.2277343734375 0.7275390625 0.231529946875