3 0.8766423375000001 0.624431171875 0.773287671875 0.5748830140625001 0.7150456359375 0.5300132984375 0.574833484375 0.5442903296875 0.5226275890625 0.5883266140625001 0.5279492515624999 0.6287905406250001 0.5534935812499999 0.6607310140625 0.6781014125 0.703283184375 0.7300513984375 0.7358650046874999 0.8491795578125 0.761410553125 0.9100656812500001 0.7420863859375 0.9084787171875 0.668659540625 0.8766423375000001 0.624431171875
3 0.8575927140624999 0.8064568796874999 0.8354181109375001 0.8150484953125 0.83488396875 0.8557169109375 0.8236086015625 0.868618275 0.833608721875 0.987091446875 0.9184633734375 0.9825648046875 0.9435602968750001 0.9457289953125001 0.8575927140624999 0.8064568796874999
3 0.7141018765625 0.419041134375 0.7418652125 0.4305792359375 0.77233275 0.407626953125 0.7474427859375 0.39442505781250004 0.7141018765625 0.419041134375
3 0.544986828125 0.4171295 0.54926683125 0.39978206250000003 0.5227521140625 0.39601761875 0.5135377437499999 0.4119739171875 0.48447683750000003 0.41924255468749994 0.47802677656250003 0.4304119625 0.4824759515625 0.44589111875 0.5004796125000001 0.4577700359375 0.5228723375000001 0.4554246125 0.5229212875 0.42884421250000004 0.544986828125 0.4171295
3 0.44828487812500006 0.55809021875 0.45798444375 0.52804590625 0.42853624375 0.496241759375 0.37833123281250003 0.51362948125 0.37394216875 0.5278538234375 0.3806704609375 0.5526341046875001 0.34342568125 0.57738650625 0.336975621875 0.5885559140625001 0.343703915625 0.6133361953125 0.3564460234375 0.614454684375 0.405560425 0.5658359984375 0.44828487812500006 0.55809021875
3 0.5309428453125 0.6865337421875 0.513375428125 0.687147209375 0.49218237499999995 0.7238466921875 0.48785342187499997 0.7677745296875 0.49609740625 0.7799942640624999 0.5165381953125 0.777717003125 0.54001036875 0.7503186453125 0.5309428453125 0.6865337421875
3 0.4219127078125 0.7263005640625 0.4120929203125 0.6969378828125 0.3506013796875 0.6709430703125 0.304251290625 0.7147748671875 0.30121990625 0.7398959640625 0.3109306328125 0.7661355484375 0.36965786093749997 0.7969172484375 0.3920505859375 0.794571825 0.4187722625 0.7482985640625001 0.4219127078125 0.7263005640625
3 0.35210160625000003 0.8538146140625 0.344342815625 0.827506865625 0.3079104125 0.8475405421875 0.286608296875 0.8811169296875001 0.286292275 0.9280315375000001 0.294536259375 0.9402512703125 0.3111822390625 0.9412334328125 0.3452754140625 0.8821951328125 0.35210160625000003 0.8538146140625
3 0.30544410312500003 0.441129040625 0.253505278125 0.46483111718750003 0.25508108125 0.48197406562499995 0.2712418671875 0.49704424375 0.29168265625 0.4947669828125 0.32035626875 0.44842555781250004 0.30544410312500003 0.441129040625
3 0.22941652812500002 0.3906266 0.1794296390625 0.41426051406250003 0.1652809 0.42882567031249996 0.169511953125 0.4380586328125 0.26803015 0.43305485 0.289768509375 0.4119708484375 0.22941652812500002 0.3906266
3 0.16038001562499998 0.596286221875 0.2066210453125 0.5493313296875 0.137163753125 0.5470664734375 0.08684968125 0.5613311000000001 0.0277574828125 0.6040444078125 0.0138268640625 0.62485575625 0.016215043749999998 0.637279978125 0.054332310937499996 0.637512346875 0.11559456718750001 0.60097706875 0.16038001562499998 0.596286221875
3 0.224259734375 0.6347052546875 0.0989597484375 0.656278803125 0.10579710312499999 0.68418218125 0.1332933671875 0.7160544921875001 0.1778117453125 0.7316978515625 0.2247071390625 0.7034815375 0.2493678203125 0.6541533421875 0.224259734375 0.6347052546875
3 0.24755843125000002 0.82619629375 0.250044509375 0.7854597156249999 0.2060714359375 0.7854318359375 0.1550051 0.834118684375 0.14552365625000002 0.8704091890625 0.15420388437500002 0.8951213078125001 0.1785485453125 0.8927077203125 0.23016018593749998 0.8596363546875001 0.24755843125000002 0.82619629375
3 0.10027964062500001 0.75003985625 0.010877915625 0.79224814375 0.013010184375 0.881290471875 0.0274861078125 0.8760946031250001 0.08342670156250001 0.7990954 0.10027964062500001 0.75003985625