3 0.9962292375 0.5573851953125 0.928693559375 0.5239017687499999 0.9926519109375 0.6225429546875 0.9962292375 0.5573851953125
3 0.7122478250000001 0.5166267625 0.7180005546875 0.53235608125 0.776747040625 0.5462176109375 0.7907734484375 0.541624959375 0.7859903171875 0.5120297593750001 0.7355266874999999 0.5057142640625 0.7122478250000001 0.5166267625
3 0.51347703125 0.6852585765625 0.488923934375 0.6723947140625001 0.4361240984375 0.671489325 0.4184964203125 0.6855837265625 0.4195767359375 0.7121332671875 0.45855325625 0.74272613125 0.5254810484375 0.751586284375 0.546903915625 0.7252169515625 0.51347703125 0.6852585765625
3 0.3408296734375 0.6063042265624999 0.36186670468750004 0.5571702390625 0.2563092390625 0.5406758328125 0.18718399531250002 0.5525494906249999 0.15672550000000002 0.606617125 0.199322840625 0.6536425109375 0.238825121875 0.6533670765624999 0.307910521875 0.629082925 0.3408296734375 0.6063042265624999
3 0.396797071875 0.4639141984375 0.42855270624999997 0.45777455624999996 0.34583488125 0.42272963125 0.30949920625 0.4243689 0.3189547546875 0.44314388281249995 0.396797071875 0.4639141984375
3 0.1392339265625 0.4793444625 0.1393354703125 0.49189187656250005 0.168662528125 0.5064829343749999 0.20538604062500002 0.4992973171875 0.21989266093749998 0.4738377265625 0.1629006234375 0.46288561406250006 0.1392339265625 0.4793444625
3 0.0516405953125 0.4300249265625 0.051751315625 0.47044034687499997 0.0710410703125 0.474575953125 0.11555805156250001 0.46793530624999996 0.130258590625 0.4397025375 0.1143761875 0.42883835625 0.0516405953125 0.4300249265625
3 0.23194318281249998 0.3855048203125 0.232044728125 0.39805223125 0.24461215625000002 0.40032439999999997 0.26311705937499996 0.3876847109375 0.23194318281249998 0.3855048203125
3 0.22513765624999998 0.42682997343749995 0.23108430625 0.43978611718750005 0.263329325 0.4406475421875 0.2833947578125 0.4336904453125 0.22513765624999998 0.42682997343749995
3 0.30323747343749996 0.9339037749999999 0.32592540312499996 0.9034428 0.353784303125 0.8970306750000001 0.39692550312499997 0.854066253125 0.38882739375 0.8158790390625 0.3525840921875 0.8021977187499999 0.3167378046875 0.8108380437499999 0.2946316328125 0.8329794890625 0.2716665859375 0.9094022328125 0.2791737609375 0.9280409703125001 0.30323747343749996 0.9339037749999999
3 0.7491371874999999 1 0.74289435 0.9883348359375 0.7148323546875 0.9696521328125 0.683658478125 0.9674722421874999 0.6572324078125 1 0.7491371874999999 1