3 0.4765625 0.6296875 0.48046875 0.5890625 0.4267578125 0.546875 0.2861328125 0.5375 0.2294921875 0.584375 0.1279296875 0.6375 0.09765625 0.6828125 0.0986328125 0.75625 0.16015625 0.7734375 0.2783203125 0.74375 0.3291015625 0.709375 0.4521484375 0.6625 0.4765625 0.6296875
3 0.1533203125 0.81875 0.072265625 0.9609375 0.0986328125 0.996875 0.18359375 0.9984375 0.189453125 0.8796875 0.177734375 0.8671875 0.17578125 0.8265625 0.1533203125 0.81875
3 0.255859375 0.4390625 0.283203125 0.4265625 0.2490234375 0.403125 0.224609375 0.4171875 0.255859375 0.4390625
3 0.4833984375 0.4125 0.4736328125 0.396875 0.447265625 0.4015625 0.4521484375 0.41875 0.474609375 0.4296875 0.4755859375 0.45625 0.498046875 0.4578125 0.515625 0.4453125 0.51953125 0.4296875 0.5126953125 0.41875 0.4833984375 0.4125
3 0.626953125 0.5234375 0.6220703125 0.509375 0.5712890625 0.49375 0.54296875 0.5265625 0.5537109375 0.55625 0.5966796875 0.5625 0.6474609375 0.609375 0.66015625 0.6078125 0.666015625 0.5828125 0.6591796875 0.571875 0.62109375 0.5484375 0.626953125 0.5234375
3 0.4755859375 0.6875 0.46875 0.7515625 0.4931640625 0.778125 0.513671875 0.7796875 0.521484375 0.7671875 0.515625 0.7234375 0.4931640625 0.6875 0.4755859375 0.6875
3 0.6552734375 0.665625 0.5947265625 0.69375 0.5859375 0.7234375 0.58984375 0.7453125 0.6181640625 0.790625 0.640625 0.7921875 0.6982421875 0.759375 0.70703125 0.7328125 0.703125 0.7078125 0.6552734375 0.665625
3 0.6669921875 0.821875 0.66015625 0.8484375 0.66796875 0.8765625 0.7041015625 0.934375 0.720703125 0.9328125 0.728515625 0.9203125 0.7265625 0.8734375 0.7041015625 0.840625 0.6669921875 0.821875
3 0.677734375 0.4421875 0.7080078125 0.4875 0.728515625 0.4890625 0.744140625 0.4734375 0.7451171875 0.45625 0.6923828125 0.434375 0.677734375 0.4421875
3 0.70703125 0.4046875 0.7294921875 0.425 0.828125 0.4265625 0.83203125 0.4171875 0.8173828125 0.403125 0.7666015625 0.38125 0.70703125 0.4046875
3 0.8642578125 0.534375 0.794921875 0.5390625 0.8427734375 0.584375 0.8876953125 0.5875 0.9501953125 0.621875 0.98828125 0.6203125 0.990234375 0.6078125 0.9755859375 0.5875 0.9150390625 0.546875 0.8642578125 0.534375
3 0.7802734375 0.625 0.755859375 0.6453125 0.7822265625 0.69375 0.830078125 0.7203125 0.8740234375 0.703125 0.900390625 0.6703125 0.90625 0.6421875 0.7802734375 0.625
3 0.759765625 0.7765625 0.763671875 0.8171875 0.7822265625 0.85 0.8349609375 0.88125 0.859375 0.8828125 0.8671875 0.8578125 0.8564453125 0.821875 0.8037109375 0.775 0.759765625 0.7765625
3 0.9853515625 0.859375 1 0.8640625 0.9990234375 0.775 0.908203125 0.7359375 0.9267578125 0.784375 0.9853515625 0.859375