3 0.11103791249999999 0.849476259375 0.1275364078125 0.954617865625 0.16817963281249998 0.9613757046875 0.2263109734375 0.9820827484375 0.33719025468749997 0.96634145 0.4095887078125 0.9675594515625001 0.48021495 0.9132629171875 0.510031753125 0.85611270625 0.5252624124999999 0.7903482765625001 0.4914182625 0.753048084375 0.416432153125 0.7291036875 0.21039226718749998 0.731877978125 0.11103791249999999 0.849476259375
3 0.5967309281250001 0.6986377296875 0.6530496953125 0.719218025 0.717122584375 0.7399726906249999 0.7436311703125 0.7084116218750001 0.7943652640625001 0.6344978765625 0.7828123953125 0.5607851562499999 0.71304204375 0.537680121875 0.584673575 0.5271848718750001 0.539499003125 0.565034946875 0.5319313421875 0.6298163703124999 0.5473208875 0.6703826484375 0.5967309281250001 0.6986377296875
3 0.9662575421874999 1 0.9695578765624999 0.9528030218750001 0.957642825 0.9412014203125001 0.9126941375 0.9400161953125 0.91382504375 0.9518426421875 0.9007314484375 0.9430954703125 0.8860029296875 0.9577287078125 0.864843378125 0.9523332984374999 0.86194130625 0.965835628125 0.733349065625 0.9568435828125 0.6991368796875 0.9701143875 0.676596928125 1 0.9662575421874999 1
3 0 0.7093443578125 0.0537700296875 0.6655649421875001 0.04588795625 0.652287459375 0 0.6435619390625 0 0.7093443578125
3 0.19384380625 0.37036738125 0.1673515375 0.3916832796875 0.15627463125000002 0.4197668796875 0.1722244140625 0.4740419953125 0.181747725 0.4898964453125 0.32332208281249997 0.5066845140625 0.40923844374999996 0.5164361046875 0.45458226562500004 0.519606853125 0.52390843125 0.462181703125 0.5365707109375 0.41142619218750004 0.5201242515625 0.38597451875 0.486311878125 0.3699404671875 0.316816896875 0.36112592656250003 0.287961675 0.339363103125 0.21056010625 0.3385072140625 0.19384380625 0.37036738125
3 0.3234470046875 0.1969069015625 0.305550609375 0.1868449390625 0.2011972015625 0.19521099375 0.17758526875 0.2248861953125 0.15456595312500002 0.23208705312500003 0.158687534375 0.24314368281249998 0.1849223703125 0.24595714531250001 0.3033707203125 0.21801881562499997 0.3234470046875 0.1969069015625
3 0.310632571875 0.1421687375 0.2867957921875 0.1610597984375 0.30351364062499997 0.173976190625 0.4142094875 0.17290627187500002 0.47588269843750003 0.144913625 0.38186373906250004 0.13148655 0.310632571875 0.1421687375
3 0.8777036390624999 0.43243268281249997 0.83284355 0.443979965625 0.82966899375 0.46137903125 0.8597052859375 0.49382673437499996 0.9027942140624999 0.5076082234375 0.9357392499999999 0.48445934062499996 0.9290833640624999 0.45364655468750004 0.8777036390624999 0.43243268281249997
3 0.8576692234375001 0.7609369375 0.8710286343750001 0.8078816328125 0.93097165 0.8326311499999999 0.9573903703125 0.818815371875 0.9523694031250001 0.7646221734374999 0.8970929375000001 0.7431358203125 0.8576692234375001 0.7609369375
3 0.9557545421875 0.5622168234375 0.9951715828125 0.586509971875 0.9991226328125 0.5300073171874999 0.9687185765624999 0.5308181000000001 0.9557545421875 0.5622168234375
3 0.6294502093750001 0.3847257515625 0.624341121875 0.41604484375000006 0.697134396875 0.43936126406250003 0.7406179015625 0.4256945609375 0.780909240625 0.37079565312499996 0.7000302078125 0.35450808125 0.6294502093750001 0.3847257515625
3 0.520436921875 0.3477343828125 0.5471214484375 0.372116134375 0.592839959375 0.376292028125 0.6293616046875 0.371993240625 0.6421893921875 0.3425428875 0.5793443093749999 0.331295696875 0.520436921875 0.3477343828125
3 0.585741059375 0.281816696875 0.5665775109375 0.26187665625 0.48030437656249997 0.263675428125 0.4267447625 0.273635434375 0.41083769375 0.291123103125 0.4320858546875 0.30925102031249996 0.471959259375 0.313018184375 0.52171075 0.315518203125 0.585741059375 0.281816696875
3 0.382892690625 0.2147690125 0.3870142734375 0.22582563906250003 0.4231271859375 0.22737195156249998 0.45992131875000003 0.2191764296875 0.4658140609375 0.2049042859375 0.4220439171875 0.2008646296875 0.382892690625 0.2147690125
3 0.578369671875 0.19123810000000002 0.6071388125 0.21380772499999998 0.6681717734375 0.22297030312500002 0.706778028125 0.2168593890625 0.7286664375 0.197832084375 0.6836291453125 0.18391435312499999 0.578369671875 0.19123810000000002
3 0.7310987875 0.289044259375 0.674957225 0.29392898437500004 0.716731359375 0.312513271875 0.7310987875 0.289044259375
3 0.8086104875 0.10454865312499999 0.8442260703125 0.099207559375 0.8503913000000001 0.081038678125 0.75288433125 0.061494014062500005 0.700639503125 0.06665122500000001 0.76692495625 0.09869687499999999 0.7402813921875 0.10172851406250001 0.741412296875 0.113554959375 0.7921584515625 0.1298297921875 0.8086104875 0.10454865312499999
3 0.5601665031249999 0.115565225 0.5757057984375 0.13133604999999998 0.6058373734375 0.1344219984375 0.6623876609375 0.12369217343750001 0.6641111828125 0.1130442765625 0.6226981390625 0.1032957640625 0.5601665031249999 0.115565225
3 0.725546196875 0.15845600937499998 0.750105153125 0.1572364984375 0.7622517281250001 0.137527978125 0.67443895625 0.13334540781249998 0.678151809375 0.15024713437499998 0.725546196875 0.15845600937499998