3 0.2890625 0.7408854171875 0.2724609375 0.71875 0.1962890625 0.6953125 0.1123046875 0.6953125 0.0419921875 0.7161458328125 0 0.7434895828125 0.0009765625 0.8854166671874999 0.0302734375 0.8932291671874999 0.0634765625 0.8828125 0.0986328125 0.9010416671874999 0.1484375 0.90234375 0.2275390625 0.890625 0.2822265625 0.8463541671874999 0.306640625 0.8059895828125001 0.2890625 0.7408854171875
3 0.556640625 0.4830729171875 0.5166015625 0.4583333328125 0.4462890625 0.4505208328125 0.4169921875 0.4322916671875 0.3720703125 0.453125 0.3447265625 0.4895833328125 0.3056640625 0.5104166671875 0.294921875 0.5325520828125 0.3271484375 0.578125 0.3740234375 0.5989583328125 0.4296875 0.6002604171875 0.4990234375 0.5963541671875 0.5576171875 0.5625 0.564453125 0.52734375 0.556640625 0.4830729171875
3 0.8427734375 0.8385416671874999 0.8466796875 0.8229166671874999 0.861328125 0.8268229171874999 0.849609375 0.8190104171874999 0.859375 0.8138020828125001 0.8515625 0.7981770828125 0.857421875 0.7799479171875 0.84375 0.7565104171875 0.8115234375 0.734375 0.7568359375 0.7213541671875 0.7158203125 0.734375 0.712890625 0.7877604171875 0.755859375 0.83984375 0.744140625 0.87109375 0.7802734375 0.8828125 0.8017578125 0.8645833328125001 0.8046875 0.8815104171874999 0.818359375 0.8893229171874999 0.876953125 0.87109375 0.8466796875 0.8463541671874999 0.8203125 0.84765625 0.8427734375 0.8385416671874999
3 0.8310546875 0.6067708328125 0.802734375 0.62109375 0.8076171875 0.6458333328125 0.8486328125 0.6536458328125 0.8544921875 0.6875 0.90234375 0.6966145828125 0.919921875 0.6861979171875 0.919921875 0.6497395828125 0.8896484375 0.6119791671875 0.8310546875 0.6067708328125
3 0.77734375 0.51953125 0.8369140625 0.5598958328125 0.908203125 0.56640625 0.92578125 0.55078125 0.8994140625 0.515625 0.7958984375 0.5 0.77734375 0.51953125
3 0.583984375 0.3919270828125 0.5927734375 0.4322916671875 0.681640625 0.4388020828125 0.697265625 0.4205729171875 0.6728515625 0.3802083328125 0.6259765625 0.3723958328125 0.583984375 0.3919270828125
3 0.6123046875 0.25 0.595703125 0.26953125 0.6279296875 0.2942708328125 0.689453125 0.3033854171875 0.7294921875 0.2916666671875 0.736328125 0.2721354171875 0.6552734375 0.25 0.6123046875 0.25
3 0.81640625 0.1393229171875 0.7060546875 0.1302083328125 0.669921875 0.1731770828125 0.6884765625 0.1953125 0.728515625 0.20182291718749998 0.7626953125 0.1901041671875 0.7646484375 0.1692708328125 0.8173828125 0.1536458328125 0.81640625 0.1393229171875
3 0.5205078125 0.1588541671875 0.486328125 0.1809895828125 0.5048828125 0.20572916718749998 0.607421875 0.22265625 0.6611328125 0.20833333281250002 0.6640625 0.1966145828125 0.6201171875 0.1640625 0.5205078125 0.1588541671875
3 0.3662109375 0.1328125 0.302734375 0.1575520828125 0.3095703125 0.1744791671875 0.3466796875 0.1979166671875 0.408203125 0.1966145828125 0.4599609375 0.1875 0.466796875 0.15234375 0.4384765625 0.1328125 0.3662109375 0.1328125
3 0.2353515625 0.1276041671875 0.275390625 0.1263020828125 0.3046875 0.1106770828125 0.2744140625 0.09895833281250001 0.20703125 0.1106770828125 0.2353515625 0.1276041671875
3 0.384765625 0.09244791718749999 0.3876953125 0.1041666671875 0.4609375 0.1080729171875 0.4853515625 0.1067708328125 0.494140625 0.09244791718749999 0.4365234375 0.078125 0.384765625 0.09244791718749999
3 0.3076171875 0.05208333281250001 0.263671875 0.06380208281250001 0.32421875 0.06901041718749999 0.3076171875 0.05208333281250001
3 0.3564453125 0.05208333281250001 0.380859375 0.05598958281250001 0.4091796875 0.0494791671875 0.4140625 0.0377604171875 0.345703125 0.03515625 0.3564453125 0.05208333281250001
3 0.345703125 0.03515625 0.34765625 0.0221354171875 0.3369140625 0.015625 0.28125 0.0247395828125 0.345703125 0.03515625
3 0.494140625 0.06640625 0.5107421875 0.08072916718749999 0.59765625 0.08203125 0.6064453125 0.06510416718749999 0.5732421875 0.0546875 0.5146484375 0.0546875 0.494140625 0.06640625
3 0.6259765625 0.07291666718749999 0.607421875 0.08723958281250001 0.6279296875 0.1067708328125 0.66796875 0.11328125 0.7001953125 0.1041666671875 0.705078125 0.08984375 0.6552734375 0.07291666718749999 0.6259765625 0.07291666718749999