3 1 0.657956975 0.9836321984374999 0.6502999484374999 0.9111045343749999 0.6394549734375 0.8279374890625 0.6511433390625 0.7557687843750001 0.6849538234375 0.742409440625 0.7091843109375 0.734063134375 0.7761012890625001 0.763857265625 0.8126752671874999 0.824173859375 0.84890423125 0.9041365453125 0.8495001249999999 0.9532753218750001 0.841279240625 0.9855524234375 0.818334675 1 0.8207311125000001 1 0.657956975
3 0.70761269375 0.5036939296875 0.6938943937500001 0.48326895781249996 0.6523126078125 0.468074821875 0.6201609453125 0.4357768125 0.5727768078125 0.4213981453125 0.5463020578125 0.4435272421875 0.4777611234375 0.4610493203125 0.441554803125 0.4911205015625 0.4399796421875 0.536047784375 0.4516418578125 0.5699105171875 0.5143769671875 0.5952805437500001 0.5835817765625 0.58949908125 0.6385229046875 0.580462728125 0.68204228125 0.5533084046875001 0.70761269375 0.5036939296875
3 0.2757313671875 0.9180935187499999 0.309881603125 0.9014600984375001 0.2939277390625 0.87214515625 0.329229721875 0.8145886015625001 0.31889873125 0.7621304609374999 0.27647011875 0.7549446171875001 0.22412698281250001 0.7754497609375 0.1952947015625 0.801854828125 0.18501775 0.8269669937499999 0.19335711093750002 0.8442032875000001 0.187795221875 0.860763515625 0.19819066875 0.86456205 0.1876732546875 0.8739294546874999 0.2016354890625 0.8680225515625001 0.20767830312500002 0.8829518453125 0.2311891578125 0.8888517671875 0.204897359375 0.891231959375 0.178361625 0.9199440265625001 0.2389221546875 0.9298411140624999 0.2513736859375 0.9202018875 0.2519190671875 0.903031803125 0.2757313671875 0.9180935187499999
3 0.2156725984375 0.68722613125 0.2170648078125 0.66204775625 0.18702674218749998 0.651805653125 0.12972808281249998 0.665117975 0.1050044984375 0.70672415625 0.11007851718749999 0.74282768125 0.1289352921875 0.7506965703125 0.1750526625 0.735011040625 0.176143425 0.700670871875 0.2156725984375 0.68722613125
3 0.206981225 0.541181103125 0.1066475875 0.5710606328125001 0.08542980781250001 0.609544346875 0.10501144375 0.622570884375 0.1747006515625 0.6062023062499999 0.228073565625 0.5579399625 0.206981225 0.541181103125
3 0.35749036562500003 0.3911702171875 0.31215883906249997 0.40543042500000004 0.29360003749999997 0.44879996406249995 0.3116099859375 0.4646771453125 0.3987062484375 0.4458621671875 0.4017921125 0.40466720624999997 0.35749036562500003 0.3911702171875
3 0.35399497812499997 0.26806277500000003 0.3114443984375 0.27404286875 0.23425918281250002 0.307243496875 0.24374681874999998 0.3256332921875 0.285027159375 0.3316656359375 0.34468335 0.314077346875 0.3731532 0.28509345625 0.35399497812499997 0.26806277500000003
3 0.24448556875 0.1624843890625 0.1364764453125 0.18686824062500001 0.1375027515625 0.201187678125 0.1918984984375 0.209321409375 0.19673205625 0.22968017343749997 0.23221004375 0.23652798437500003 0.270953375 0.22450856562500002 0.286246834375 0.20000625468750002 0.24448556875 0.1624843890625
3 0.4322134453125 0.16502831093749998 0.334298321875 0.1840489015625 0.29531105625 0.22240019531250002 0.29984316718750004 0.233597165625 0.3550247578125 0.240305575 0.454210121875 0.209272546875 0.4691411515625 0.18219141249999998 0.4322134453125 0.16502831093749998
3 0.6476863109375001 0.13343069375 0.5813844140625 0.1177661046875 0.5098220718750001 0.1278235359375 0.48449559531249997 0.151106134375 0.4961578109375 0.18496886875000002 0.5486804249999999 0.186791453125 0.6097863359375 0.1795184578125 0.6432726953125 0.1511444234375 0.6476863109375001 0.13343069375
3 0.6675763375 0.0714657484375 0.6392284546875 0.08728369999999999 0.67041479375 0.0986793015625 0.7102454140625001 0.09439635468749999 0.7359343203125001 0.0736925765625 0.6675763375 0.0714657484375
3 0.5041451609375 0.073396428125 0.44908206406250006 0.09559871875 0.4597789578125 0.10855904375 0.4841366390625 0.10645067500000001 0.55612239375 0.0923890984375 0.557392634375 0.0803766609375 0.5041451609375 0.073396428125
3 0.6140884015625 0.04874075625 0.6733211796874999 0.035156612500000003 0.6281726046875 0.029667914062500002 0.6140884015625 0.04874075625
3 0.5207698453125 0.0302987125 0.5272360734375 0.0412238609375 0.55618685 0.0437294921875 0.5798196718749999 0.0364634765625 0.588101521875 0.018206103125 0.5207698453125 0.0302987125
3 0.59119719375 0 0.5843552546875 0.0055838109375 0.588101521875 0.018206103125 0.6469867218750001 0 0.59119719375 0
3 0.42351859843749995 0.06105991875 0.3654950796875 0.06921459375 0.3340648046875 0.0841508671875 0.3451241265625 0.09969001562499999 0.43101113281250003 0.08630450625 0.44545776562499995 0.06981048749999999 0.42351859843749995 0.06105991875
3 0.3158109203125 0.0946055609375 0.2867991609375 0.0986828984375 0.2398349640625 0.12237672031249999 0.24666362187500002 0.1358806921875 0.2798450625 0.1404215015625 0.3185883921875 0.1284020828125 0.3361784 0.106206775 0.3158109203125 0.0946055609375