3 0.8844047359375 0.597854821875 0.77784553125 0.5556370187499999 0.71661541875 0.5149393625 0.57774073125 0.5389623203125 0.5287338218750001 0.586533034375 0.5368651421874999 0.6265271718750001 0.5645753015625 0.6566079578124999 0.691847884375 0.6903642703124999 0.745944115625 0.7192428750000001 0.8665640515625 0.7364162359375 0.925953875 0.7128919406249999 0.9192487781249999 0.639754659375 0.8844047359375 0.597854821875
3 0.8780989874999999 0.780765959375 0.856577721875 0.7908834687499999 0.8588817656250001 0.831490078125 0.8485338171875 0.8451465453125 0.8667738500000001 0.9626335484374999 0.9511060359375 0.9521987718749999 0.9735722906250001 0.9137020187499999 0.8780989874999999 0.780765959375
3 0.7079329296875 0.4043033546875 0.73643349375 0.413876678125 0.7652257437500001 0.388854996875 0.7394754921875 0.377421496875 0.7079329296875 0.4043033546875
3 0.5390964890625 0.4141932453125 0.5421559703125001 0.3965895078125 0.515443246875 0.3946838078125 0.5073643765625 0.41124399843750004 0.47888129687500003 0.42052211718750004 0.4732260859375 0.43211425 0.47874419531249995 0.447245340625 0.49753263125 0.45783945 0.5197072 0.453937703125 0.517901875 0.4274186359375 0.5390964890625 0.4141932453125
3 0.45246302343749994 0.561556178125 0.460043175 0.5309084453125 0.42844816406249997 0.501235975 0.37957835625 0.522083465625 0.37619222343750003 0.536579321875 0.3846327109375 0.5608298984375 0.3492052984375 0.58812006875 0.3435500890625 0.599712203125 0.351990578125 0.623962778125 0.3647796703125 0.624189696875 0.41038296250000006 0.572263396875 0.45246302343749994 0.561556178125
3 0.5438794062500001 0.6839208906249999 0.5263975765625 0.6857583046875 0.5078161734375 0.72384674375 0.5065620171874999 0.7679695468750001 0.5156383250000001 0.7795844421875 0.53587046875 0.7758868515625 0.55737425 0.7469178999999999 0.5438794062500001 0.6839208906249999
3 0.43788885312500003 0.7311964015625 0.42604474999999997 0.7025902390625001 0.36288969375 0.6809481828124999 0.3197100609375 0.727906425 0.318438421875 0.7531777875000001 0.3299558734375 0.7786760671875 0.39068726875 0.80528618125 0.41286183750000005 0.801384434375 0.4362905625 0.75335988125 0.43788885312500003 0.7311964015625
3 0.3771427390625 0.8632696093750001 0.3675677125 0.8375671718750001 0.33262153437499997 0.86009344375 0.31371348125 0.8950739999999999 0.3166708265625 0.941896371875 0.32574713593750004 0.953511265625 0.342421078125 0.9533298703125 0.3723129 0.8920571671875 0.3771427390625 0.8632696093750001
3 0.3018114 0.4548439796875 0.2516524703125 0.48211139062499997 0.254420265625 0.49910265625 0.271592928125 0.513008803125 0.2918250703125 0.5093112140625 0.3171962203125 0.4610825046875 0.3018114 0.4548439796875
3 0.222446153125 0.4097679765625 0.1742296484375 0.4368312296875 0.1611313890625 0.452347871875 0.16599619375000002 0.4612632 0.263925359375 0.4493993234375 0.2841400203125 0.426850290625 0.222446153125 0.4097679765625
3 0.1679239 0.619742365625 0.21077688125 0.5696762421875 0.14133079531249998 0.572262 0.0921343359375 0.590001609375 0.0361656125 0.6367329328125 0.023720654687500002 0.6584653375 0.026969685937499998 0.6706927046875 0.06501031093750001 0.6682655796875 0.12357476406250001 0.6275458609375 0.1679239 0.619742365625
3 0.2343279875 0.6536117890625001 0.1108381203125 0.6838732703125 0.11960526093749999 0.7112317265625 0.14925784687500002 0.7411083546875 0.19475900468750001 0.7536081640625001 0.23957189375 0.7221893265625 0.2607315421875 0.67126105 0.2343279875 0.6536117890625001
3 0.27092766875 0.8430111296874999 0.2705660515625 0.8022003625 0.22669815 0.8052399593749999 0.17915243125 0.857370415625 0.1722255828125 0.8942339109375 0.182608496875 0.9182803296875001 0.206725490625 0.914174425 0.255904465625 0.877583371875 0.27092766875 0.8430111296874999
3 0.11869523906249999 0.7773138546875 0.0324555921875 0.8256556749999999 0.0407939453125 0.9143323593750001 0.054872160937500004 0.908139359375 0.10530529375 0.8274255015625 0.11869523906249999 0.7773138546875