3 0.501159903125 0.82977868125 0.47437705 0.7928721703125 0.43134355781249994 0.7898992203125 0.42162171875 0.832552609375 0.42028385312500005 0.8784553374999999 0.43860882968750003 0.90633648125 0.459161034375 0.9076701890625 0.498634521875 0.8831790921874999 0.501159903125 0.82977868125
3 0.3952873640625 0.7303880875 0.42741404375 0.7335550109375 0.44410809218749997 0.7342776468750001 0.507176478125 0.6981520734375 0.5164523640625001 0.6707995906249999 0.50599150625 0.655692653125 0.4745324875 0.6545529203125 0.4412947359375 0.6147026125 0.411764796875 0.6138684125 0.394772596875 0.6399987515625 0.38408494531250004 0.707477928125 0.3952873640625 0.7303880875
3 0.384836684375 0.51545273125 0.349891559375 0.492624984375 0.3242197765625 0.492401859375 0.3026278578125 0.510117903125 0.299659065625 0.5288621203125 0.3102677265625 0.5555211203125 0.332155253125 0.5609092078125 0.3755607984375 0.5428052171875 0.384836684375 0.51545273125
3 0.21196878749999998 0.34588639374999997 0.20966765625 0.3666577984375 0.237490221875 0.384514559375 0.2783729296875 0.3698538765625 0.30115236562500003 0.3446401453125 0.263090646875 0.32900454843750004 0.21196878749999998 0.34588639374999997
3 0.2177611125 0.24688879218749998 0.190532303125 0.225283190625 0.184892871875 0.2359186453125 0.1642667625 0.22880890781250002 0.11581554375 0.2537995140625 0.11529568750000001 0.2633243875 0.1473484640625 0.26071527968749997 0.15135442500000001 0.27287841562500004 0.1815520265625 0.275739803125 0.2177611125 0.24688879218749998
3 0.232599984375 0.2530819234375 0.2703660953125 0.24561339218749997 0.287539628125 0.21016522499999998 0.2370112078125 0.20523038593749998 0.22592338281250002 0.23281002812499998 0.232599984375 0.2530819234375
3 0.31674043125 0.20876518281249998 0.34419349062500004 0.19774178281250002 0.349463415625 0.1582261609375 0.28409644218749996 0.16516603125 0.28060779375 0.193435121875 0.31674043125 0.20876518281249998
3 0.5078695796875 0.20060821406249998 0.5158076015625 0.2191584578125 0.5396242078125 0.22485208124999997 0.585848196875 0.2264089125 0.5972009640625 0.2109140296875 0.5327259 0.1872520859375 0.5078695796875 0.20060821406249998
3 0.3909322484375 0.2896879484375 0.40881381406250006 0.2829128953125 0.41809503125 0.24311547500000003 0.3542384453125 0.23760370000000003 0.35687649062500004 0.2862154875 0.3909322484375 0.2896879484375
3 0.4100676 0.43106255625 0.41051355312500004 0.41576164843749996 0.391148865625 0.4069302546875 0.34273729531249997 0.419866665625 0.3440329640625 0.4359752390625 0.3525647453125 0.4507766375 0.36925879375 0.45149927187500005 0.40123767031249996 0.44311413125000004 0.4100676 0.43106255625
3 0.3805427484375 0.3303141484375 0.39894417031249996 0.314014221875 0.3755735203125 0.2930196921875 0.3471267703125 0.3024409578125 0.35420330624999996 0.32806383281249996 0.3805427484375 0.3303141484375
3 0.6242743359375 0.37083888125 0.5856927609375 0.36472815937499997 0.576269071875 0.3805285796875 0.5709252453125 0.41426816874999994 0.60327363125 0.43476318750000004 0.63020683125 0.4332646609375 0.6385933515625 0.3865568890625 0.6242743359375 0.37083888125
3 0.44331805781250005 0.47261400625 0.4487205328125 0.4929064171875 0.47787842031250005 0.5148175546875 0.5015472234375 0.5089591109375 0.5077065125 0.48879877812499994 0.5011038125 0.47430291406249997 0.44331805781250005 0.47261400625
3 0.547919015625 0.5220680093750001 0.5565985984374999 0.5484214734374999 0.58813151875 0.555337240625 0.606532940625 0.5390373140625 0.5920661218750001 0.5117672421874999 0.5592717828125 0.506573128125 0.547919015625 0.5220680093750001
3 0.7068526703125 0.405053875 0.7040779046875 0.451018746875 0.7435026234375 0.46081616406250003 0.7705407156249999 0.4600113828125 0.74936630625 0.417551703125 0.7346466203124999 0.3975669109375 0.7068526703125 0.405053875
3 1 0.17325175625 0.9526764062499999 0.15769358125 0.8967331218749999 0.1488330359375 0.8834512765625 0.1640223796875 0.8781074500000001 0.1977619671875 0.8937617859375001 0.21753435781250002 0.9761923156250001 0.24019728125 0.9900679218749999 0.22125909375 0.9934801234374999 0.237171075 1 0.2366403546875 1 0.17325175625
3 0.7962655890625 0.2712644078125 0.7667356484375001 0.27043021093749997 0.7579057171875 0.2824817859375 0.7627271421875 0.308224178125 0.790995665625 0.31078002968749996 0.8057606343750001 0.311197128125 0.8132552437499999 0.295091175 0.7962655890625 0.2712644078125