3 0.4599118015625 0.839304184375 0.465364578125 0.7958980453125 0.423909515625 0.7839733828125001 0.3861190953125 0.8094938828125 0.3702281609375 0.8605375859375 0.3989446578125 0.8970524171875001 0.41871356718749997 0.9028284093750001 0.445469325 0.882896215625 0.4599118015625 0.839304184375
3 0.5509990218749999 0.6675456843750001 0.5439686796875 0.6371795234375 0.5159342984374999 0.62786358125 0.47107142187499995 0.653942640625 0.441119803125 0.6442540218749999 0.4261229359375 0.654872075 0.425484315625 0.683747540625 0.4723935390625 0.739265134375 0.48832797031249997 0.7442957796874999 0.5196003250000001 0.7523078171875001 0.537962890625 0.7346107625 0.5509990218749999 0.6675456843750001
3 0.6820086187500001 0.5770129671875 0.6677780953125 0.5529804609375 0.643578196875 0.5444098625 0.6029329734375 0.553908990625 0.602294353125 0.5827844609375 0.63689029375 0.6146422171875 0.659300675 0.617065046875 0.678387471875 0.59564215625 0.6820086187500001 0.5770129671875
3 0.781105859375 0.42034460625000003 0.739991853125 0.42201938749999995 0.75277391875 0.4535035703125 0.7861768484375 0.48126281562499995 0.81842888125 0.4739988265625 0.8233707625 0.4536930578125 0.781105859375 0.42034460625000003
3 0.94245163125 0.409174296875 0.945220825 0.40004604375 0.9082388625 0.3599912625 0.8864249859375001 0.3596176859375 0.8847631937499999 0.3476948265625 0.85178693125 0.35868465 0.875944715625 0.39817996875 0.9052998296875 0.40581933281250004 0.9132242406250001 0.39575984375 0.94245163125 0.409174296875
3 0.798776775 0.300310128125 0.8027906296875 0.339494203125 0.8357247781250001 0.359429096875 0.848932128125 0.3426632796875 0.8479457734375 0.3129546328125 0.798776775 0.300310128125
3 0.75835165625 0.2303241890625 0.749788625 0.2692591484375 0.7718158374999999 0.28900725625 0.8110126015624999 0.2869598 0.8174029421875 0.25920235625 0.75835165625 0.2303241890625
3 0.5762138 0.1949201765625 0.507534196875 0.195103359375 0.5129027453125 0.2135466609375 0.5568715546874999 0.22789325468750002 0.581199178125 0.2306887578125 0.5950030359375 0.21597219218750002 0.5762138 0.1949201765625
3 0.664825178125 0.28662065625 0.6599351484375 0.3271923609375 0.6744211203125 0.339674684375 0.707610715625 0.3480593953125 0.7267158765625 0.3032815203125 0.664825178125 0.28662065625
3 0.6751858171875 0.47848630937500003 0.6341183359375 0.449772328125 0.6129009671875 0.45144800937499996 0.6080868078125 0.465978684375 0.6122623453125 0.48032347499999994 0.639444771875 0.49914034999999995 0.6553792031250001 0.504170996875 0.6684588296875 0.493180271875 0.6751858171875 0.47848630937500003
3 0.6877140796875 0.3480584953125 0.6585723 0.359793665625 0.6702890765625 0.38140424375 0.6958097109375 0.3882982578125 0.7112230187499999 0.36664094999999997 0.6877140796875 0.3480584953125
3 0.4657408390625 0.3435774 0.427396028125 0.3361239234375 0.40856467968750004 0.345996628125 0.40047043125000004 0.392755934375 0.4252668359375 0.4033757875 0.46267408281250005 0.39518056874999996 0.4691921484375 0.36164802812499997 0.4657408390625 0.3435774
3 0.5077516765625 0.4754751125 0.49658929062499996 0.4868385125 0.495481890625 0.5078896296875001 0.5157195828125001 0.521489971875 0.550613084375 0.5108728234375 0.5626301640625 0.49365195 0.5077516765625 0.4754751125
3 0.4420546015625 0.48590457656249997 0.4094615109375 0.479569121875 0.386540234375 0.5002466640625001 0.3982570109375 0.5218572421875 0.4302535953125 0.5261434406250001 0.4474231515625 0.5043478765625 0.4420546015625 0.48590457656249997
3 0.3145384828125 0.32349051093750003 0.29387130156249996 0.33723564375000004 0.2594517984375 0.3698926171875 0.2845840421875 0.3798964359375 0.3249820734375 0.38417392499999997 0.338095559375 0.340032046875 0.3145384828125 0.32349051093750003
3 0.2545847796875 0.0531362484375 0.2472989890625 0.034320275 0.1916990109375 0.023512734375 0.1205056609375 0.0212739921875 0.1016743140625 0.03114669375 0.096945765625 0.070827 0.12617315625 0.08424145625 0.1348217953125 0.0704561265625 0.1413833578125 0.0929979390625 0.22659389531250002 0.0998946578125 0.2480667140625 0.0866687875 0.2545847796875 0.0531362484375
3 0.327867971875 0.1930459984375 0.2998335921875 0.183730053125 0.2757193046875 0.2003090859375 0.2772533734375 0.2180070375 0.29127056093750003 0.2226650109375 0.3187084375 0.2299317 0.3320435109375 0.20739078906250002 0.327867971875 0.1930459984375