3 0.9990234375 0.52263020625 0.9293165859375 0.49393939375 1 0.5878787859375 0.9990234375 0.52263020625
3 0.712890625 0.5017806 0.7197265625 0.5170703140625 0.7792968765625 0.5268001296875 0.79296875 0.5212402328125 0.7861328125 0.49205077968750005 0.7353515625 0.4892708328125 0.712890625 0.5017806
3 0.4482421875 0.67552734375 0.431640625 0.69081705625 0.4345703109375 0.7172265640625 0.4755859375 0.745026040625 0.54296875 0.7491959640625 0.5625 0.7213964828125 0.5263671875 0.6838671859375001 0.5009765625 0.672747396875 0.4482421875 0.67552734375
3 0.259740259375 0.55757575625 0.1916116671875 0.5742424234375 0.164998934375 0.6303030296875 0.210772834375 0.6742424234375 0.2501596765625 0.6712121203125 0.3173828125 0.6421679703125001 0.3486328125 0.6171484359375 0.366191184375 0.5666666671875 0.259740259375 0.55757575625
3 0.3154296890625 0.45591145937500005 0.39453125 0.4712011734375 0.42578125 0.4628613265625 0.3408203109375 0.4336718734375 0.3046874984375 0.437841796875 0.3154296890625 0.45591145937500005
3 0.1386718765625 0.504560546875 0.1396484375 0.5170703140625 0.1699218765625 0.5295800765625 0.2060546890625 0.519850259375 0.21875 0.49344075624999995 0.1611328125 0.4864908859375 0.1386718765625 0.504560546875
3 0.0478515625 0.461471353125 0.05078125 0.5017806 0.07031250156249999 0.504560546875 0.1142578125 0.49483072968749997 0.1269531234375 0.46564127656250004 0.1103515625 0.45591145937500005 0.0478515625 0.461471353125
3 0.23828125 0.418382159375 0.255859375 0.40448242343749996 0.224609375 0.40448242343749996 0.2255859375 0.4169921859375 0.23828125 0.418382159375
3 0.259765625 0.45730143281249996 0.2792968765625 0.448961590625 0.2207031234375 0.446181640625 0.2275390625 0.45869140625 0.259765625 0.45730143281249996
3 0.4111328125 0.8228645828125 0.3740234375 0.81174479375 0.3388671875 0.8228645828125 0.318359375 0.8464941406250001 0.30078125 0.9243326828124999 0.3095703109375 0.9424023437500001 0.333984375 0.9465722671875 0.3544921875 0.9146028640624999 0.3818359375 0.9062630203125 0.421875 0.8603938796874999 0.4111328125 0.8228645828125
3 0.6875 0.9938313796875 0.79296875 0.9966113265625 0.7763671875 0.9702018234375 0.7470703109375 0.9535221359375001 0.7158203109375 0.9535221359375001 0.6875 0.9938313796875